0.000000000000000000e+00 -0.000000000000000000e+00 1.000000000000000000e+00
1.123023576132983203e-01 8.159243880132785454e-02 9.903185620823969915e-01
2.219645030183920453e-01 1.612666511504361189e-01 9.616261366178239234e-01
3.268850556708705613e-01 2.374958947142874199e-01 9.147359511754811212e-01
4.253254041760196058e-01 3.090169943749471737e-01 8.506508083520400998e-01
5.157217113550969234e-01 3.746937559151829467e-01 7.704775828764545142e-01
5.965736658824907224e-01 4.334361393516901195e-01 6.754502011839427222e-01
6.663781023294417238e-01 4.841520310738472443e-01 5.670423578030836520e-01
7.236067977499790471e-01 5.257311121191331482e-01 4.472135954999586493e-01
1.123023576132983203e-01 -8.159243880132785454e-02 9.903185620823969915e-01
2.304323554165428056e-01 -0.000000000000000000e+00 9.730883462343921098e-01
3.445360218251279916e-01 8.006510293377205878e-02 9.353526120972344149e-01
4.521784660601050887e-01 1.568501040483573639e-01 8.780277214823857257e-01
5.512728795751455912e-01 2.288464097547833753e-01 8.023263257473687293e-01
6.399142461503004586e-01 2.946699447527172389e-01 7.097037277859847837e-01
7.162970376694061114e-01 3.530013545125164076e-01 6.019207568595406066e-01
7.786804599427400442e-01 4.025595922725193065e-01 4.812509906200147514e-01
2.219645030183920453e-01 -1.612666511504361189e-01 9.616261366178239234e-01
3.445360218251279916e-01 -8.006510293377205878e-02 9.353526120972344149e-01
4.612657276770278370e-01 -0.000000000000000000e+00 8.872620404765335644e-01
5.693582352368404820e-01 7.694696835155341585e-02 8.184805214722559175e-01
6.663774031575019352e-01 1.490223552269988039e-01 7.305706633883282120e-01
7.501144062890077180e-01 2.146048418189451246e-01 6.255182965713751431e-01
8.185381689008828232e-01 2.721694882012538619e-01 5.058844094698485838e-01
3.268850556708705613e-01 -2.374958947142874199e-01 9.147359511754811212e-01
4.521784660601050887e-01 -1.568501040483573639e-01 8.780277214823857257e-01
5.693582352368404820e-01 -7.694696835155341585e-02 8.184805214722559175e-01
6.752666513109861768e-01 6.938893903907228378e-17 7.375736909809400554e-01
7.671585270113271404e-01 7.199630570642588656e-02 6.374043664726793956e-01
8.426067670259674847e-01 1.371978612008952769e-01 5.207596211727127944e-01
4.253254041760196058e-01 -3.090169943749471737e-01 8.506508083520400998e-01
5.512728795751455912e-01 -2.288464097547833753e-01 8.023263257473687293e-01
6.663774031575019352e-01 -1.490223552269988039e-01 7.305706633883282120e-01
7.671585270113271404e-01 -7.199630570642588656e-02 6.374043664726793956e-01
8.506508083520394337e-01 4.440892098500626162e-16 5.257311121191341474e-01
5.157217113550969234e-01 -3.746937559151829467e-01 7.704775828764545142e-01
6.399142461503004586e-01 -2.946699447527172389e-01 7.097037277859847837e-01
7.501144062890077180e-01 -2.146048418189451246e-01 6.255182965713751431e-01
8.426067670259674847e-01 -1.371978612008952769e-01 5.207596211727127944e-01
5.965736658824907224e-01 -4.334361393516901195e-01 6.754502011839427222e-01
7.162970376694061114e-01 -3.530013545125164076e-01 6.019207568595406066e-01
8.185381689008828232e-01 -2.721694882012538619e-01 5.058844094698485838e-01
6.663781023294417238e-01 -4.841520310738472443e-01 5.670423578030836520e-01
7.786804599427400442e-01 -4.025595922725193065e-01 4.812509906200147514e-01
7.236067977499790471e-01 -5.257311121191331482e-01 4.472135954999586493e-01
