0.000000000000000000e+00 0.000000000000000000e+00 1.000000000000000000e+00
2.220884837071292195e-01 1.613567283934550511e-01 9.615823998008850015e-01
4.253254041760198279e-01 3.090169943749473402e-01 8.506508083520399888e-01
5.964865717748594198e-01 4.333728617785571613e-01 6.755677111630924436e-01
7.236067977499791581e-01 5.257311121191332592e-01 4.472135954999583163e-01
2.220884837071292195e-01 -1.613567283934550511e-01 9.615823998008850015e-01
4.613691244864419616e-01 -0.000000000000000000e+00 8.872082793632023456e-01
6.663439591962470043e-01 1.489229345875425770e-01 7.306214393216949876e-01
8.185750554819886116e-01 2.720161333851019991e-01 5.059072066307004345e-01
4.253254041760198279e-01 -3.090169943749473402e-01 8.506508083520399888e-01
6.663439591962470043e-01 -1.489229345875425770e-01 7.306214393216949876e-01
8.506508083520398777e-01 3.885780586188047891e-16 5.257311121191338144e-01
5.964865717748594198e-01 -4.333728617785571613e-01 6.755677111630924436e-01
8.185750554819886116e-01 -2.720161333851019991e-01 5.059072066307004345e-01
7.236067977499791581e-01 -5.257311121191332592e-01 4.472135954999583163e-01
