0.000000000000000000e+00 0.000000000000000000e+00 1.000000000000000000e+00
5.629245010056257992e-02 4.089885900367835891e-02 9.975762844985204270e-01
1.122588993155855391e-01 8.156086449984478737e-02 9.903260901877175559e-01
1.675629303456457608e-01 1.217415950133116653e-01 9.783157202138761388e-01
2.219258634342276548e-01 1.612385778492762267e-01 9.616397621521873829e-01
2.751011212042724918e-01 1.998726640568612989e-01 9.404096401435734220e-01
3.268638375905185689e-01 2.374804788765490782e-01 9.147475355682376241e-01
3.770048945461588197e-01 2.739100891539607563e-01 8.847827826918361893e-01
4.253254041760196058e-01 3.090169943749472292e-01 8.506508083520400998e-01
4.716331216768844259e-01 3.426615205141834153e-01 8.124932497542519672e-01
5.157395829144468813e-01 3.747067403630925386e-01 7.704593054416948306e-01
5.574578467376685165e-01 4.050168332252103709e-01 7.247082957403098158e-01
5.966008055591418557e-01 4.334558574809733722e-01 6.754135758345531926e-01
6.329794849400418588e-01 4.598865151638688031e-01 6.227691103575000442e-01
6.664029848592002425e-01 4.841701092899211578e-01 5.669976781618550898e-01
6.966782317283217729e-01 5.061663636861989390e-01 5.083650791592492224e-01
7.236067977499789361e-01 5.257311121191330372e-01 4.472135954999587604e-01
5.629245010056257992e-02 -4.089885900367835891e-02 9.975762844985204270e-01
1.141935037950246035e-01 -0.000000000000000000e+00 9.934585264071247313e-01
1.716267290605595908e-01 4.072433669307441023e-02 9.843199653938157212e-01
2.282372513041746875e-01 8.101650857957383434e-02 9.702288814783298632e-01
2.837261985182060742e-01 1.206605031440817072e-01 9.512835998036677232e-01
3.378261175853681242e-01 1.594626495127525467e-01 9.276018422187237711e-01
3.902907355212039131e-01 1.972446827713688622e-01 8.993151154543882475e-01
4.408890269240945958e-01 2.338387087098407757e-01 8.665658222240474329e-01
4.894001806866901116e-01 2.690841250009736729e-01 8.295065984163692008e-01
5.356105678621511101e-01 3.028257211296757068e-01 7.883006420247771207e-01
5.793108708385195094e-01 3.349115926160477485e-01 7.431239062630800030e-01
6.202946977670107387e-01 3.651918314352783357e-01 6.941681454626682513e-01
6.583572090460860782e-01 3.935169500229407924e-01 6.416464722428467660e-01
6.932940556894344741e-01 4.197378349598150926e-01 5.858015894899422094e-01
7.249012074734735300e-01 4.437051189028885512e-01 5.269193551795886554e-01
7.529706818288843806e-01 4.652675046825205385e-01 4.653614739024343194e-01
1.122588993155855391e-01 -8.156086449984478737e-02 9.903260901877175559e-01
1.716267290605595908e-01 -4.072433669307441023e-02 9.843199653938157212e-01
2.303601102411900747e-01 -0.000000000000000000e+00 9.731054514335364392e-01
2.880845678523261677e-01 4.034151172305639604e-02 9.567548506264480501e-01
3.444799637013524207e-01 8.007023715575874168e-02 9.353728196447316234e-01
3.992570800072515746e-01 1.189779571847486145e-01 9.090863709066522302e-01
4.521475225570880108e-01 1.568708158142396170e-01 8.780399563751427605e-01
5.028979094108623205e-01 1.935650201084520017e-01 8.423931835553981617e-01
5.512658457803965018e-01 2.288844929405545736e-01 8.023202952483312611e-01
5.970168688528394441e-01 2.626588541104282193e-01 7.580113354446280649e-01
6.399223760370791325e-01 2.947217142941595536e-01 7.096749000567594834e-01
6.797585985323905122e-01 3.249093521273992424e-01 6.575425162082174646e-01
7.163056015447344382e-01 3.530600657244837848e-01 6.018761294371620663e-01
7.493462964369629331e-01 3.790134982667406893e-01 5.429814878500142106e-01
7.786618841747858788e-01 4.026092447900762594e-01 4.812395101640524198e-01
1.675629303456457608e-01 -1.217415950133116653e-01 9.783157202138761388e-01
2.282372513041746875e-01 -8.101650857957383434e-02 9.702288814783298632e-01
2.880845678523261677e-01 -4.034151172305639604e-02 9.567548506264480501e-01
3.467096040571855387e-01 -0.000000000000000000e+00 9.379725211617393477e-01
4.037700932703090495e-01 3.976408583787247042e-02 9.139959131516750546e-01
4.589542561388823549e-01 7.872762967856361538e-02 8.849649434283825000e-01
5.119711252491856435e-01 1.166811870692577441e-01 8.510411667452941753e-01
5.625453501610921947e-01 1.534255122886659384e-01 8.124058968219612931e-01
6.104135507812030736e-01 1.887692484979040242e-01 7.692603381458192890e-01
6.553219429249814709e-01 2.225272026104024026e-01 7.218273998813128367e-01
6.970248458191321550e-01 2.545189213485335999e-01 6.703554900098858127e-01
7.352839259124812621e-01 2.845678404043427978e-01 6.151249405627584599e-01
7.698668667147092748e-01 3.125004414433669164e-01 5.564606739317495832e-01
8.005424152856877029e-01 3.381449201505570823e-01 4.947624220824892172e-01
2.219258634342276548e-01 -1.612385778492762267e-01 9.616397621521873829e-01
2.837261985182060742e-01 -1.206605031440817072e-01 9.512835998036677232e-01
3.444799637013524207e-01 -8.007023715575874168e-02 9.353728196447316234e-01
4.037700932703090495e-01 -3.976408583787247042e-02 9.139959131516750546e-01
4.612314062493840794e-01 -0.000000000000000000e+00 8.872798825000011158e-01
5.165291709940557086e-01 3.898387423252604178e-02 8.553817119052851137e-01
5.693500253285763701e-01 7.696271636304870267e-02 8.184847518117674969e-01
6.193973893200559466e-01 1.137220096265055408e-01 7.767973858285106559e-01
6.663885020622061228e-01 1.490553550300854901e-01 7.305538073654429532e-01
7.100525117562929145e-01 1.827631167725299044e-01 6.800169657414221192e-01
7.501296028261047466e-01 2.146514771384007703e-01 6.254840704016799702e-01
7.863696328094800236e-01 2.445313282911965036e-01 5.672981844490838643e-01
8.185266689933695661e-01 2.722172796316969512e-01 5.058773021361383515e-01
2.751011212042724918e-01 -1.998726640568612989e-01 9.404096401435734220e-01
3.378261175853681242e-01 -1.594626495127525467e-01 9.276018422187237711e-01
3.992570800072515746e-01 -1.189779571847486145e-01 9.090863709066522302e-01
4.589542561388823549e-01 -7.872762967856361538e-02 8.849649434283825000e-01
5.165291709940557086e-01 -3.898387423252604178e-02 8.553817119052851137e-01
5.716242460120281033e-01 -0.000000000000000000e+00 8.205155217125269518e-01
6.239045978425766803e-01 3.798389898397643016e-02 7.805768868015934281e-01
6.730540890036268431e-01 7.473813539397945738e-02 7.358073147185539842e-01
7.187728369123278505e-01 1.100416188193403533e-01 6.864812095349902554e-01
7.607759780565208629e-01 1.436808969256794799e-01 6.329105079478272167e-01
7.987923786183035446e-01 1.754489431032950630e-01 5.754549541234741383e-01
8.325589679419410638e-01 2.051441691683489332e-01 5.145497398266547506e-01
3.268638375905185689e-01 -2.374804788765490782e-01 9.147475355682376241e-01
3.902907355212039131e-01 -1.972446827713688622e-01 8.993151154543882475e-01
4.521475225570880108e-01 -1.568708158142396170e-01 8.780399563751427605e-01
5.119711252491856435e-01 -1.166811870692577441e-01 8.510411667452941753e-01
5.693500253285763701e-01 -7.696271636304870267e-02 8.184847518117674969e-01
6.239045978425766803e-01 -3.798389898397643016e-02 7.805768868015934281e-01
6.752801166810276090e-01 8.326672684688674053e-17 7.375613628812576206e-01
7.231432265023334249e-01 3.674432521940809715e-02 6.897200363393583000e-01
7.671800005166793390e-01 7.201367712631480400e-02 6.373765583342194674e-01
8.070945831377351887e-01 1.055810383583066780e-01 5.809053091588225470e-01
8.426034205049655057e-01 1.372262614865432107e-01 5.207575529089899513e-01
3.770048945461588197e-01 -2.739100891539607563e-01 8.847827826918361893e-01
4.408890269240945958e-01 -2.338387087098407757e-01 8.665658222240474329e-01
5.028979094108623205e-01 -1.935650201084520017e-01 8.423931835553981617e-01
5.625453501610921947e-01 -1.534255122886659384e-01 8.124058968219612931e-01
6.193973893200559466e-01 -1.137220096265055408e-01 7.767973858285106559e-01
6.730540890036268431e-01 -7.473813539397945738e-02 7.358073147185539842e-01
7.231432265023334249e-01 -3.674432521940809715e-02 6.897200363393583000e-01
7.693173035237748092e-01 1.249000902703301108e-16 6.388668769774406009e-01
8.112515516612401889e-01 3.524541629113267516e-02 5.836340296433160102e-01
8.486380162230433566e-01 6.875143136022246471e-02 5.244871381711266878e-01
4.253254041760196058e-01 -3.090169943749472292e-01 8.506508083520400998e-01
4.894001806866901116e-01 -2.690841250009736729e-01 8.295065984163692008e-01
5.512658457803965018e-01 -2.288844929405545736e-01 8.023202952483312611e-01
6.104135507812030736e-01 -1.887692484979040242e-01 7.692603381458192890e-01
6.663885020622061228e-01 -1.490553550300854901e-01 7.305538073654429532e-01
7.187728369123278505e-01 -1.100416188193403533e-01 6.864812095349902554e-01
7.671800005166793390e-01 -7.201367712631480400e-02 6.373765583342194674e-01
8.112515516612401889e-01 -3.524541629113267516e-02 5.836340296433160102e-01
8.506508083520393226e-01 1.942890293094023946e-16 5.257311121191344805e-01
4.716331216768844259e-01 -3.426615205141834153e-01 8.124932497542519672e-01
5.356105678621511101e-01 -3.028257211296757068e-01 7.883006420247771207e-01
5.970168688528394441e-01 -2.626588541104282193e-01 7.580113354446280649e-01
6.553219429249814709e-01 -2.225272026104024026e-01 7.218273998813128367e-01
7.100525117562929145e-01 -1.827631167725299044e-01 6.800169657414221192e-01
7.607759780565208629e-01 -1.436808969256794799e-01 6.329105079478272167e-01
8.070945831377351887e-01 -1.055810383583066780e-01 5.809053091588225470e-01
8.486380162230433566e-01 -6.875143136022246471e-02 5.244871381711266878e-01
5.157395829144468813e-01 -3.747067403630925386e-01 7.704593054416948306e-01
5.793108708385195094e-01 -3.349115926160477485e-01 7.431239062630800030e-01
6.399223760370791325e-01 -2.947217142941595536e-01 7.096749000567594834e-01
6.970248458191321550e-01 -2.545189213485335999e-01 6.703554900098858127e-01
7.501296028261047466e-01 -2.146514771384007703e-01 6.254840704016799702e-01
7.987923786183035446e-01 -1.754489431032950630e-01 5.754549541234741383e-01
8.426034205049655057e-01 -1.372262614865432107e-01 5.207575529089899513e-01
5.574578467376685165e-01 -4.050168332252103709e-01 7.247082957403098158e-01
6.202946977670107387e-01 -3.651918314352783357e-01 6.941681454626682513e-01
6.797585985323905122e-01 -3.249093521273992424e-01 6.575425162082174646e-01
7.352839259124812621e-01 -2.845678404043427978e-01 6.151249405627584599e-01
7.863696328094800236e-01 -2.445313282911965036e-01 5.672981844490838643e-01
8.325589679419410638e-01 -2.051441691683489332e-01 5.145497398266547506e-01
5.966008055591418557e-01 -4.334558574809733722e-01 6.754135758345531926e-01
6.583572090460860782e-01 -3.935169500229407924e-01 6.416464722428467660e-01
7.163056015447344382e-01 -3.530600657244837848e-01 6.018761294371620663e-01
7.698668667147092748e-01 -3.125004414433669164e-01 5.564606739317495832e-01
8.185266689933695661e-01 -2.722172796316969512e-01 5.058773021361383515e-01
6.329794849400418588e-01 -4.598865151638688031e-01 6.227691103575000442e-01
6.932940556894344741e-01 -4.197378349598150926e-01 5.858015894899422094e-01
7.493462964369629331e-01 -3.790134982667406893e-01 5.429814878500142106e-01
8.005424152856877029e-01 -3.381449201505570823e-01 4.947624220824892172e-01
6.664029848592002425e-01 -4.841701092899211578e-01 5.669976781618550898e-01
7.249012074734735300e-01 -4.437051189028885512e-01 5.269193551795886554e-01
7.786618841747858788e-01 -4.026092447900762594e-01 4.812395101640524198e-01
6.966782317283217729e-01 -5.061663636861989390e-01 5.083650791592492224e-01
7.529706818288843806e-01 -4.652675046825205385e-01 4.653614739024343194e-01
7.236067977499789361e-01 -5.257311121191330372e-01 4.472135954999587604e-01
