0.000000000000000000e+00 -0.000000000000000000e+00 1.000000000000000000e+00
2.815195567738831839e-02 2.045359304614457682e-02 9.993943755710460453e-01
5.627689473232326545e-02 4.088755736711371935e-02 9.975776254366564011e-01
8.432017041175710048e-02 6.126218977280083189e-02 9.945536953659031010e-01
1.122370799985728390e-01 8.154501183810303200e-02 9.903298687395617472e-01
1.399882313291796743e-01 1.017074034809014593e-01 9.849156812471314693e-01
1.675381985205276480e-01 1.217236262905681821e-01 9.783221917339760543e-01
1.948537341676382650e-01 1.415695246134404672e-01 9.705617404274969884e-01
2.219040261481187160e-01 1.612227121322218626e-01 9.616474615325439901e-01
2.486557194450484121e-01 1.806589550085972440e-01 9.515948061872064878e-01
2.750811774956453681e-01 1.998581741043775339e-01 9.404185536404913170e-01
3.011542114462299469e-01 2.188013421036048844e-01 9.281336722810247242e-01
3.268482975406132307e-01 2.374691883694055317e-01 9.147560193679944440e-01
3.521379197391865112e-01 2.558431744138574548e-01 9.003017025350993352e-01
3.769970567337649903e-01 2.739043946499300497e-01 8.847878852049985143e-01
4.014011894373765155e-01 2.916350349181902613e-01 8.682315886481700717e-01
4.253254041760195503e-01 3.090169943749473402e-01 8.506508083520398777e-01
4.487462104008299590e-01 3.260332061374445201e-01 8.320632110282442095e-01
4.716403190663557288e-01 3.426667497237250726e-01 8.124868663952443670e-01
4.939835667818395226e-01 3.589000694027826843e-01 7.919412705069542868e-01
5.157526715712139609e-01 3.747162498288683641e-01 7.704459188556613825e-01
5.369235767823772321e-01 3.900978128211486373e-01 7.480219041761908549e-01
5.574732157022728174e-01 4.050279994316067778e-01 7.246902327553459422e-01
5.773782521259871459e-01 4.194898549149310707e-01 7.004731369548657938e-01
5.966161428143430534e-01 4.334670006491398997e-01 6.753928763923808809e-01
6.151638339556846358e-01 4.469426870596328039e-01 6.494733958191498679e-01
6.329952281844121176e-01 4.598979533004327602e-01 6.227446616759046982e-01
6.500870419005733147e-01 4.723158828459690373e-01 5.952348652123753414e-01
6.664154769402128586e-01 4.841791853180401617e-01 5.669752451380106750e-01
6.819566881111179812e-01 4.954705361704146438e-01 5.380000216798480617e-01
6.966861586124318828e-01 5.061721229046195480e-01 5.083484812528547003e-01
7.105786264774639482e-01 5.162655916275132872e-01 4.780667887386594317e-01
7.236067977499788251e-01 5.257311121191330372e-01 4.472135954999586493e-01
2.815195567738831839e-02 -2.045359304614457682e-02 9.993943755710460453e-01
5.672285513779804639e-02 -0.000000000000000000e+00 9.983899627425230072e-01
8.525080175049790099e-02 2.044278256274822264e-02 9.961497846418426727e-01
1.136801182008540523e-01 4.083384377131534654e-02 9.926779074446553386e-01
1.419649124527490036e-01 6.114005000073483020e-02 9.879817093034624076e-01
1.700647642439780671e-01 8.133242495280919304e-02 9.820707778026673829e-01
1.979429677843001223e-01 1.013841490804368028e-01 9.749563250833236383e-01
2.255650925197495438e-01 1.212705880919447282e-01 9.666508332900720646e-01
2.528990243172452579e-01 1.409648130792962861e-01 9.571682218779018481e-01
2.799099133537699124e-01 1.604460162075232177e-01 9.465239121593390648e-01
3.065688294049985219e-01 1.796933034628304393e-01 9.347330472000354717e-01
3.328482423483808961e-01 1.986853982755251435e-01 9.218113473361506660e-01
3.587204668326018919e-01 2.174020522773044140e-01 9.077752884613109474e-01
3.841583952865556539e-01 2.358228238896783735e-01 8.926421024484315625e-01
4.091348796215262817e-01 2.539287566259327278e-01 8.764295960517805018e-01
4.336238470065938988e-01 2.717001857155186828e-01 8.591561955717683663e-01
4.575990955299458207e-01 2.891192233872315054e-01 8.408407354773790310e-01
4.810356978492846269e-01 3.061677588667821581e-01 8.215022585636291286e-01
5.039090981170953887e-01 3.228268022545974225e-01 8.011607058392755665e-01
5.261938061108163422e-01 3.390785555699978304e-01 7.798370416716404740e-01
5.478653241092110715e-01 3.549044524223740060e-01 7.575529131945065719e-01
5.688985462135836002e-01 3.702869990838703051e-01 7.343309760765454053e-01
5.892690770214351614e-01 3.852086050402526718e-01 7.101945405797260857e-01
6.089523520639146259e-01 3.996526979250825673e-01 6.851676830944583019e-01
6.279245617668847146e-01 4.136018540456531389e-01 6.592755501759972603e-01
6.461620669966980923e-01 4.270343865224978663e-01 6.325474020987742474e-01
6.636379584996434655e-01 4.399343412630009054e-01 6.050144092630480586e-01
6.803280684793152622e-01 4.522837783652203791e-01 5.767088546804918225e-01
6.962077643510481417e-01 4.640649524382893798e-01 5.476663845588509716e-01
7.112523008874245267e-01 4.752594942808360812e-01 5.179271933180071841e-01
7.254359594215389340e-01 4.858485092966210450e-01 4.875386085146513615e-01
7.387305821548523221e-01 4.958119985813686514e-01 4.565606083006958915e-01
5.627689473232326545e-02 -4.088755736711371935e-02 9.975776254366564011e-01
8.525080175049790099e-02 -2.044278256274822264e-02 9.961497846418426727e-01
1.141641969201711709e-01 -0.000000000000000000e+00 9.934618946600681788e-01
1.429604877964550658e-01 2.039890907639246506e-02 9.895181572045520513e-01
1.715925813981027670e-01 4.072025092839843402e-02 9.843260878253019541e-01
2.000189588995257006e-01 6.093404966360528585e-02 9.778954226666282112e-01
2.282017087184979032e-01 8.101294923221204203e-02 9.702375390566253532e-01
2.561049996263086159e-01 1.009288033010455332e-01 9.613654902432410276e-01
2.836954356857161463e-01 1.206568537883675740e-01 9.512932373379850981e-01
3.109367414175337463e-01 1.401756559040595873e-01 9.400367696683532559e-01
3.377985504515014226e-01 1.594622984046439040e-01 9.276119418702911679e-01
3.642521087818915149e-01 1.784945248118779138e-01 9.140350681785283093e-01
3.902683614767195608e-01 1.972504440602561304e-01 8.993235615440687836e-01
4.158188185740434029e-01 2.157094104567575665e-01 8.834954218104840162e-01
4.408748648304665618e-01 2.338505953984568453e-01 8.665698198024814891e-01
4.654092156295890348e-01 2.516543285486627091e-01 8.485660616179345750e-01
4.893941454839639826e-01 2.691019162214504101e-01 8.295043876025999241e-01
5.128036070449414341e-01 2.861729838504689649e-01 8.094056362021556650e-01
5.356115335977643666e-01 3.028484397613981915e-01 7.882912581090428805e-01
5.577912294429212547e-01 3.191089268048769578e-01 7.661843362990357065e-01
5.793169654745957686e-01 3.349356982153707252e-01 7.431082906106534214e-01
6.001626100350743176e-01 3.503105496539935526e-01 7.190878668959754805e-01
6.203025591466501121e-01 3.652162442122869335e-01 6.941482767244959717e-01
6.397111759078323301e-01 3.796350043750935099e-01 6.683164481529246803e-01
6.583640470739671180e-01 3.935441819936916774e-01 6.416227539133121383e-01
6.762357948532687901e-01 4.069258335361517487e-01 6.140981320278344757e-01
6.932994951764692715e-01 4.197625109428071988e-01 5.857774700302519344e-01
7.095300903615520127e-01 4.320358204150301362e-01 5.566974948298577530e-01
7.249020977596493109e-01 4.437270584246014171e-01 5.268996548542332903e-01
7.393893772109145779e-01 4.548167117180878516e-01 4.964323796949606793e-01
7.529630533447552176e-01 4.652845655375058009e-01 4.653567592399596720e-01
8.432017041175710048e-02 -6.126218977280083189e-02 9.945536953659031010e-01
1.136801182008540523e-01 -4.083384377131534654e-02 9.926779074446553386e-01
1.429604877964550658e-01 -2.039890907639246506e-02 9.895181572045520513e-01
1.721035854549937960e-01 -0.000000000000000000e+00 9.850788576928933837e-01
2.010613185576377027e-01 2.032848839535952509e-02 9.793677035411286758e-01
2.297909602921607564e-01 4.055593448652186628e-02 9.723946373494311013e-01
2.582532778707801180e-01 6.065245393845634936e-02 9.641714185248601021e-01
2.864111787179456914e-01 8.059086162086752381e-02 9.547113436681283760e-01
3.142297608188900915e-01 1.003457801427122265e-01 9.440288034923793870e-01
3.416714757182789941e-01 1.198941277437630126e-01 9.321405477786361971e-01
3.687044498266683901e-01 1.392122642575186475e-01 9.190630958526777583e-01
3.952986869383716684e-01 1.582762420030341122e-01 9.048135605317795260e-01
4.214236307724199548e-01 1.770637464168247077e-01 8.894102276966627807e-01
4.470493299176275803e-01 1.955523937702658699e-01 8.728723606065889040e-01
4.721460928546942215e-01 2.137211451215914604e-01 8.552200530448068605e-01
4.966849785119843430e-01 2.315496891414735026e-01 8.364740124947319666e-01
5.206371108183758256e-01 2.490170461362000709e-01 8.166562983117777730e-01
5.439750553199855787e-01 2.661025682182712182e-01 7.957892700817591480e-01
5.666713605176733060e-01 2.827857774963773441e-01 7.738964874030750396e-01
5.886982641337015210e-01 2.990471262496923188e-01 7.510027763515703114e-01
6.100287906558128359e-01 3.148671297472094288e-01 7.271338014256802929e-01
6.306356599473994518e-01 3.302281219713484872e-01 7.023162050401395851e-01
6.504923320553348542e-01 3.451113031657214170e-01 6.765780918448875969e-01
6.695727841134261338e-01 3.594935678219049469e-01 6.499512762271276722e-01
6.878509807645776242e-01 3.733560197387387203e-01 6.224679194834499274e-01
7.053005499209014095e-01 3.866797342695047490e-01 5.941632077018395020e-01
7.218944872240964372e-01 3.994464716456703757e-01 5.650759821522088888e-01
7.376067800116339335e-01 4.116369113386376122e-01 5.352488125203599401e-01
7.524107286612310430e-01 4.232311086669739986e-01 5.047311403628659265e-01
7.662768585228750817e-01 4.342083463976137980e-01 4.735851433596321991e-01
1.122370799985728390e-01 -8.154501183810303200e-02 9.903298687395617472e-01
1.419649124527490036e-01 -6.114005000073483020e-02 9.879817093034624076e-01
1.715925813981027670e-01 -4.072025092839843402e-02 9.843260878253019541e-01
2.010613185576377027e-01 -2.032848839535952509e-02 9.793677035411286758e-01
2.303218739048199515e-01 -0.000000000000000000e+00 9.731145022046338022e-01
2.593304091799419897e-01 2.023331265229090861e-02 9.655766939677441485e-01
2.880462830665206364e-01 4.034111072867781894e-02 9.567663944750246507e-01
3.164309139436216056e-01 6.029569098318704468e-02 9.466973678793367819e-01
3.444480482116819564e-01 8.007029544028985979e-02 9.353845679030990956e-01
3.720587396863315743e-01 9.964124550751077281e-02 9.228455539345304937e-01
3.992297729651474447e-01 1.189833139189404865e-01 9.090976621832571603e-01
4.259296637076551151e-01 1.380720578472695581e-01 8.941588384709419079e-01
4.521265694382735623e-01 1.568835214232192354e-01 8.780484758336684070e-01
4.777889313632910917e-01 1.753948578788838142e-01 8.607870705908462483e-01
5.028857776252103617e-01 1.935846019184961908e-01 8.423959262498512679e-01
5.273869798273589371e-01 2.114299493941000918e-01 8.228975331156271888e-01
5.512621605934495683e-01 2.289097444364066314e-01 8.023156231807409000e-01
5.744827672312217137e-01 2.460022052243235058e-01 7.806743656475005899e-01
5.970199114007286312e-01 2.626862611124577973e-01 7.579994416975668337e-01
6.188447548063453763e-01 2.789417808091747553e-01 7.343178142791308982e-01
6.399291523418604299e-01 2.947498838128448373e-01 7.096570904143368885e-01
6.602449515534585256e-01 3.100912110319680171e-01 6.840468147640909047e-01
6.797652067842093748e-01 3.249415678340663027e-01 6.575197648277651963e-01
6.984625965192171604e-01 3.392815221702914497e-01 6.301095539487107100e-01
7.163101323855071145e-01 3.530911378974808668e-01 6.018525089921278326e-01
7.332803138187822256e-01 3.663512458741452482e-01 5.727885700782530121e-01
7.493461123513663891e-01 3.790422600144087162e-01 5.429616644175377926e-01
7.644801279170302388e-01 3.911437283644855212e-01 5.124224017166804090e-01
7.786525569387857670e-01 4.026341734799370187e-01 4.812337456151831727e-01
1.399882313291796743e-01 -1.017074034809014593e-01 9.849156812471314693e-01
1.700647642439780671e-01 -8.133242495280919304e-02 9.820707778026673829e-01
2.000189588995257006e-01 -6.093404966360528585e-02 9.778954226666282112e-01
2.297909602921607564e-01 -4.055593448652186628e-02 9.723946373494311013e-01
2.593304091799419897e-01 -2.023331265229090861e-02 9.655766939677441485e-01
2.885920828630345047e-01 -0.000000000000000000e+00 9.574521448661418299e-01
3.175340957988398993e-01 2.011316168213277827e-02 9.480335219454857354e-01
3.461162780589370769e-01 4.007762396954319545e-02 9.373352154483391985e-01
3.743008336276644199e-01 5.986576616565453257e-02 9.253728848345593727e-01
4.020476342875096698e-01 7.945278501813327066e-02 9.121649821806795400e-01
4.293220772285461506e-01 9.881264178566012690e-02 8.977297008718744253e-01
4.560911758377418912e-01 1.179194001548156956e-01 8.820860810544933761e-01
4.823216312273056472e-01 1.367485919235875147e-01 8.652546831177206910e-01
5.079805064716919061e-01 1.552768704155339519e-01 8.472572800269826399e-01
5.330354532097891784e-01 1.734803547576709293e-01 8.281170038917127219e-01
5.574550504273125817e-01 1.913362162468471017e-01 8.078578582309031697e-01
5.812078325253935418e-01 2.088219722002409573e-01 7.865054604626312562e-01
6.042637160884387626e-01 2.259151823363272915e-01 7.640861808781354014e-01
6.265927424121922051e-01 2.425943555262771167e-01 7.406277835884623739e-01
6.481650260255870100e-01 2.588397488405875246e-01 7.161592584456277777e-01
6.689513090029662878e-01 2.746310034803068900e-01 6.907111973253490245e-01
6.889232881465989777e-01 2.899432043643426771e-01 6.643174251005427022e-01
7.080526189669551496e-01 3.047559182994262761e-01 6.370128091612514698e-01
7.263113622450710904e-01 3.190482095180005584e-01 6.088349900236245116e-01
7.436714357596396763e-01 3.328000852522167707e-01 5.798248864021903204e-01
7.601043191513476849e-01 3.459917838725463657e-01 5.500282806366950661e-01
7.755824377527685831e-01 3.586019163101916707e-01 5.194964368194754378e-01
7.900752732297530168e-01 3.706084793650674669e-01 4.882933725268480130e-01
1.675381985205276480e-01 -1.217236262905681821e-01 9.783221917339760543e-01
1.979429677843001223e-01 -1.013841490804368028e-01 9.749563250833236383e-01
2.282017087184979032e-01 -8.101294923221204203e-02 9.702375390566253532e-01
2.582532778707801180e-01 -6.065245393845634936e-02 9.641714185248601021e-01
2.880462830665206364e-01 -4.034111072867781894e-02 9.567663944750246507e-01
3.175340957988398993e-01 -2.011316168213277827e-02 9.480335219454857354e-01
3.466733411184908520e-01 -0.000000000000000000e+00 9.379859244987328593e-01
3.754223124325595795e-01 1.996901543060684500e-02 9.266387245040657028e-01
4.037416386099068055e-01 3.976522779235085875e-02 9.140084331729166900e-01
4.315900994977999172e-01 5.936290603641879854e-02 9.001144546125177115e-01
4.589317621278891091e-01 7.873481853970033806e-02 8.849759691990010113e-01
4.857320803673571552e-01 9.785420440434265676e-02 8.686132055077175895e-01
5.119562200419316422e-01 1.166959265220173098e-01 8.510481123259396874e-01
5.375698346242269166e-01 1.352349591857361366e-01 8.323041383509475200e-01
5.625394456800141274e-01 1.534467911517754524e-01 8.124059664596543495e-01
5.868320913015875329e-01 1.713076619298679326e-01 7.913796696799374475e-01
6.104153944165613410e-01 1.887941196941466671e-01 7.692527716090374890e-01
6.332580123733582145e-01 2.058832212745918544e-01 7.460538780560960204e-01
6.553287145954969084e-01 2.225539379923980876e-01 7.218130093803307723e-01
6.765967782477689818e-01 2.387850731946531690e-01 6.965619057084323495e-01
6.970326303747429453e-01 2.545509237263985924e-01 6.703352440554681824e-01
7.166066802494002186e-01 2.698300426822098363e-01 6.431691953817835206e-01
7.352899822428872190e-01 2.846004571053884491e-01 6.151026108127474190e-01
7.530537251465281301e-01 2.988411138834485281e-01 5.861775121034893399e-01
7.698688057212327296e-01 3.125312327614795382e-01 5.564406981215086478e-01
7.857053768133654970e-01 3.256502374420609525e-01 5.259457992041541852e-01
8.005334267049397656e-01 3.381743270098644394e-01 4.947568668340763809e-01
1.948537341676382650e-01 -1.415695246134404672e-01 9.705617404274969884e-01
2.255650925197495438e-01 -1.212705880919447282e-01 9.666508332900720646e-01
2.561049996263086159e-01 -1.009288033010455332e-01 9.613654902432410276e-01
2.864111787179456914e-01 -8.059086162086752381e-02 9.547113436681283760e-01
3.164309139436216056e-01 -6.029569098318704468e-02 9.466973678793367819e-01
3.461162780589370769e-01 -4.007762396954319545e-02 9.373352154483391985e-01
3.754223124325595795e-01 -1.996901543060684500e-02 9.266387245040657028e-01
4.043056596679960868e-01 -0.000000000000000000e+00 9.146239301267087285e-01
4.327256631785600383e-01 1.979981765338794525e-02 9.013081979254199405e-01
4.606399169799328397e-01 3.940351275183893304e-02 8.867120333386346864e-01
4.880111751789809604e-01 5.878287891645020413e-02 8.708557090854510685e-01
5.148031373528926258e-01 7.791059969538670360e-02 8.537608964029237413e-01
5.409796962978881130e-01 9.675997402628092048e-02 8.354510611758647620e-01
5.665051006918622178e-01 1.153052658630379923e-01 8.159513873720403154e-01
5.913444245195722537e-01 1.335210999702505785e-01 7.952885560929124908e-01
6.154636203602242839e-01 1.513825006388954120e-01 7.734907048655467188e-01
6.388292386797667088e-01 1.688656330031966246e-01 7.505875044245402528e-01
6.614087152573345785e-01 1.859477804226823128e-01 7.266098914393606112e-01
6.831699353173790179e-01 2.026067558006861835e-01 7.015905800268198433e-01
7.040817700560662029e-01 2.188160577640463067e-01 6.755652403279182039e-01
7.241134260500876607e-01 2.345533795107636321e-01 6.485710896841483386e-01
7.432348505050339060e-01 2.497955200487809169e-01 6.206481734109259296e-01
7.614161369454910400e-01 2.645204415448538238e-01 5.918398452317319425e-01
7.786277560261827269e-01 2.787062010740479212e-01 5.621936241443009630e-01
7.948392067015441764e-01 2.923312659537083413e-01 5.317641078861585768e-01
8.100175681233228175e-01 3.053731624461921701e-01 5.006183885847478310e-01
2.219040261481187160e-01 -1.612227121322218626e-01 9.616474615325439901e-01
2.528990243172452579e-01 -1.409648130792962861e-01 9.571682218779018481e-01
2.836954356857161463e-01 -1.206568537883675740e-01 9.512932373379850981e-01
3.142297608188900915e-01 -1.003457801427122265e-01 9.440288034923793870e-01
3.444480482116819564e-01 -8.007029544028985979e-02 9.353845679030990956e-01
3.743008336276644199e-01 -5.986576616565453257e-02 9.253728848345593727e-01
4.037416386099068055e-01 -3.976522779235085875e-02 9.140084331729166900e-01
4.327256631785600383e-01 -1.979981765338794525e-02 9.013081979254199405e-01
4.612107086303536829e-01 -0.000000000000000000e+00 8.872906413598010689e-01
4.891533631023776696e-01 1.960610289981510809e-02 8.719774011376185685e-01
5.165149088723767212e-01 3.898946468011522254e-02 8.553900692412312878e-01
5.432575647179647138e-01 5.812157696141537905e-02 8.375518495402088925e-01
5.693436764684421947e-01 7.697489429802403804e-02 8.184880229503699312e-01
5.947360814947892926e-01 9.552290867841595201e-02 7.982257621035782069e-01
6.193988366035390047e-01 1.137390136250347461e-01 7.767937422467987574e-01
6.432966794537169353e-01 1.315977776368471575e-01 7.542223857224502614e-01
6.663951946934029147e-01 1.490752552117284302e-01 7.305436419359896405e-01
6.886608263040836508e-01 1.661479627692943606e-01 7.057911311300173463e-01
7.100608551923065503e-01 1.827887102000472219e-01 6.800013745184441127e-01
7.305631842311487434e-01 1.989739826749329366e-01 6.532126667973607859e-01
7.501364593526608227e-01 2.146795883725548804e-01 6.254661994752745979e-01
7.687497775314038329e-01 2.298823418286361497e-01 5.968064078583593668e-01
7.863724712818930263e-01 2.445593904239192762e-01 5.672821528705876970e-01
8.029737722088564622e-01 2.586878848457861424e-01 5.369485071947700527e-01
8.185201689624617138e-01 2.722442885169179538e-01 5.058732848961091655e-01
2.486557194450484121e-01 -1.806589550085972440e-01 9.515948061872064878e-01
2.799099133537699124e-01 -1.604460162075232177e-01 9.465239121593390648e-01
3.109367414175337463e-01 -1.401756559040595873e-01 9.400367696683532559e-01
3.416714757182789941e-01 -1.198941277437630126e-01 9.321405477786361971e-01
3.720587396863315743e-01 -9.964124550751077281e-02 9.228455539345304937e-01
4.020476342875096698e-01 -7.945278501813327066e-02 9.121649821806795400e-01
4.315900994977999172e-01 -5.936290603641879854e-02 9.001144546125177115e-01
4.606399169799328397e-01 -3.940351275183893304e-02 8.867120333386346864e-01
4.891533631023776696e-01 -1.960610289981510809e-02 8.719774011376185685e-01
5.170861371357698966e-01 -0.000000000000000000e+00 8.559333658539126644e-01
5.443979146192036156e-01 1.938481835697596078e-02 8.386030881027860540e-01
5.710492866852395766e-01 3.851896876069933057e-02 8.200115860290579928e-01
5.970011904220844379e-01 5.737413050821851823e-02 8.001860957196389457e-01
6.222152469362886018e-01 7.592241970126417661e-02 7.791559360402240397e-01
6.466543199491230354e-01 9.413679509027439440e-02 7.569520819056306804e-01
6.702821650159198619e-01 1.119916747370320459e-01 7.336073091587663741e-01
6.930635212344531393e-01 1.294621202513576708e-01 7.091561992636907785e-01
7.149640429885142368e-01 1.465203152381729934e-01 6.836360248377959525e-01
7.359501192422337468e-01 1.631415705081437628e-01 6.570861815313712162e-01
7.559891636561127948e-01 1.793005353016638992e-01 6.295488086519325233e-01
7.750489004529895753e-01 1.949730020034463329e-01 6.010696551951163480e-01
7.930978485116102483e-01 2.101348937499338820e-01 5.716984599550352097e-01
8.101040729410949881e-01 2.247625888327293431e-01 5.414916155079948501e-01
8.260339715710355302e-01 2.388308999063336602e-01 5.105170702929652249e-01
2.750811774956453681e-01 -1.998581741043775339e-01 9.404185536404913170e-01
3.065688294049985219e-01 -1.796933034628304393e-01 9.347330472000354717e-01
3.377985504515014226e-01 -1.594622984046439040e-01 9.276119418702911679e-01
3.687044498266683901e-01 -1.392122642575186475e-01 9.190630958526777583e-01
3.992297729651474447e-01 -1.189833139189404865e-01 9.090976621832571603e-01
4.293220772285461506e-01 -9.881264178566012690e-02 8.977297008718744253e-01
4.589317621278891091e-01 -7.873481853970033806e-02 8.849759691990010113e-01
4.880111751789809604e-01 -5.878287891645020413e-02 8.708557090854510685e-01
5.165149088723767212e-01 -3.898946468011522254e-02 8.553900692412312878e-01
5.443979146192036156e-01 -1.938481835697596078e-02 8.386030881027860540e-01
5.716182216702281327e-01 -0.000000000000000000e+00 8.205197186262899178e-01
5.981348627054766665e-01 1.913481364189573153e-02 8.011669894118143009e-01
6.239073167545621246e-01 3.799025132968462948e-02 7.805744044638088797e-01
6.488961604544480899e-01 5.653760134428820194e-02 7.587735318141433094e-01
6.730632308780989392e-01 7.474954894491950275e-02 7.357977929923854576e-01
6.963713121340724399e-01 9.259962172244513845e-02 7.116827282529273324e-01
7.187845751661834370e-01 1.100593011544462457e-01 6.864660841822879389e-01
7.402676497562158398e-01 1.271025405506670536e-01 6.601884207633261781e-01
7.607863935165044555e-01 1.437029471935171721e-01 6.328929817971178373e-01
7.803075077656056457e-01 1.598348619921735603e-01 6.046263393341144710e-01
7.987979899955268692e-01 1.754733998107266546e-01 5.754397076479604856e-01
8.162251603295636038e-01 1.905936956210396716e-01 5.453902555367959870e-01
8.325543931979181300e-01 2.051698253272291050e-01 5.145469124793585758e-01
3.011542114462299469e-01 -2.188013421036048844e-01 9.281336722810247242e-01
3.328482423483808961e-01 -1.986853982755251435e-01 9.218113473361506660e-01
3.642521087818915149e-01 -1.784945248118779138e-01 9.140350681785283093e-01
3.952986869383716684e-01 -1.582762420030341122e-01 9.048135605317795260e-01
4.259296637076551151e-01 -1.380720578472695581e-01 8.941588384709419079e-01
4.560911758377418912e-01 -1.179194001548156956e-01 8.820860810544933761e-01
4.857320803673571552e-01 -9.785420440434265676e-02 8.686132055077175895e-01
5.148031373528926258e-01 -7.791059969538670360e-02 8.537608964029237413e-01
5.432575647179647138e-01 -5.812157696141537905e-02 8.375518495402088925e-01
5.710492866852395766e-01 -3.851896876069933057e-02 8.200115860290579928e-01
5.981348627054766665e-01 -1.913481364189573153e-02 8.011669894118143009e-01
6.244716742537671506e-01 6.765421556309547668e-17 7.810474556995218309e-01
6.500180026195050420e-01 1.885516174751915297e-02 7.596848551511496961e-01
6.747335692137552687e-01 3.740133171700052439e-02 7.371131195154927429e-01
6.985791653533693912e-01 5.561050027486379166e-02 7.133685036454640027e-01
7.215168490858154815e-01 7.345345752552520646e-02 6.884896702658813705e-01
7.435099629712875746e-01 9.090257204542513680e-02 6.625176656950065857e-01
7.645226513744535213e-01 1.079301473770538367e-01 6.354968125982559668e-01
7.845199184507696266e-01 1.245095354933430931e-01 6.074749979424907131e-01
8.034678662970833329e-01 1.406144019929988498e-01 5.785040862259861472e-01
8.213323141572583808e-01 1.562190541468486682e-01 5.486427224000571812e-01
8.380777882286072344e-01 1.712964707175435863e-01 5.179605583416166947e-01
3.268482975406132307e-01 -2.374691883694055317e-01 9.147560193679944440e-01
3.587204668326018919e-01 -2.174020522773044140e-01 9.077752884613109474e-01
3.902683614767195608e-01 -1.972504440602561304e-01 8.993235615440687836e-01
4.214236307724199548e-01 -1.770637464168247077e-01 8.894102276966627807e-01
4.521265694382735623e-01 -1.568835214232192354e-01 8.780484758336684070e-01
4.823216312273056472e-01 -1.367485919235875147e-01 8.652546831177206910e-01
5.119562200419316422e-01 -1.166959265220173098e-01 8.510481123259396874e-01
5.409796962978881130e-01 -9.675997402628092048e-02 8.354510611758647620e-01
5.693436764684421947e-01 -7.697489429802403804e-02 8.184880229503699312e-01
5.970011904220844379e-01 -5.737413050821851823e-02 8.001860957196389457e-01
6.239073167545621246e-01 -3.799025132968462948e-02 7.805744044638088797e-01
6.500180026195050420e-01 -1.885516174751915297e-02 7.596848551511496961e-01
6.752905293104221052e-01 5.551115123125782702e-17 7.375518293812641790e-01
6.996837795668955362e-01 1.854529183675698856e-02 7.142119298651301573e-01
7.231576091375513382e-01 3.675086462975803159e-02 6.897046079992688039e-01
7.456733400008287438e-01 5.458762432325946212e-02 6.640718796054768669e-01
7.671938031002205616e-01 7.202622301318725717e-02 6.373585267987511571e-01
7.876823946589955883e-01 8.903882180144634395e-02 6.096134294423644073e-01
8.071034786072115441e-01 1.055979957011419085e-01 5.808898674654603411e-01
8.254220603386270838e-01 1.216765032926932361e-01 5.512469962301822513e-01
8.426009691118272471e-01 1.372470614594625826e-01 5.207560378647105859e-01
3.521379197391865112e-01 -2.558431744138574548e-01 9.003017025350993352e-01
3.841583952865556539e-01 -2.358228238896783735e-01 8.926421024484315625e-01
4.158188185740434029e-01 -2.157094104567575665e-01 8.834954218104840162e-01
4.470493299176275803e-01 -1.955523937702658699e-01 8.728723606065889040e-01
4.777889313632910917e-01 -1.753948578788838142e-01 8.607870705908462483e-01
5.079805064716919061e-01 -1.552768704155339519e-01 8.472572800269826399e-01
5.375698346242269166e-01 -1.352349591857361366e-01 8.323041383509475200e-01
5.665051006918622178e-01 -1.153052658630379923e-01 8.159513873720403154e-01
5.947360814947892926e-01 -9.552290867841595201e-02 7.982257621035782069e-01
6.222152469362886018e-01 -7.592241970126417661e-02 7.791559360402240397e-01
6.488961604544480899e-01 -5.653760134428820194e-02 7.587735318141433094e-01
6.747335692137552687e-01 -3.740133171700052439e-02 7.371131195154927429e-01
6.996837795668955362e-01 -1.854529183675698856e-02 7.142119298651301573e-01
7.237047874631311606e-01 6.938893903907228378e-17 6.901096873707421864e-01
7.467557303170754279e-01 1.820348434213685251e-02 6.648492403518383442e-01
7.687972911554655786e-01 3.603509151521611109e-02 6.384764657303414470e-01
7.897918901086296017e-01 5.346465236593404835e-02 6.110403434029768599e-01
8.097021396731181042e-01 7.046357339371121797e-02 5.825953396941683238e-01
8.284913693533062506e-01 8.700397836491884085e-02 5.532019149060853902e-01
8.461214865210261449e-01 1.030568949889250074e-01 5.229318372815811022e-01
3.769970567337649903e-01 -2.739043946499300497e-01 8.847878852049985143e-01
4.091348796215262817e-01 -2.539287566259327278e-01 8.764295960517805018e-01
4.408748648304665618e-01 -2.338505953984568453e-01 8.665698198024814891e-01
4.721460928546942215e-01 -2.137211451215914604e-01 8.552200530448068605e-01
5.028857776252103617e-01 -1.935846019184961908e-01 8.423959262498512679e-01
5.330354532097891784e-01 -1.734803547576709293e-01 8.281170038917127219e-01
5.625394456800141274e-01 -1.534467911517754524e-01 8.124059664596543495e-01
5.913444245195722537e-01 -1.335210999702505785e-01 7.952885560929124908e-01
6.193988366035390047e-01 -1.137390136250347461e-01 7.767937422467987574e-01
6.466543199491230354e-01 -9.413679509027439440e-02 7.569520819056306804e-01
6.730632308780989392e-01 -7.474954894491950275e-02 7.357977929923854576e-01
6.985791653533693912e-01 -5.561050027486379166e-02 7.133685036454640027e-01
7.231576091375513382e-01 -3.675086462975803159e-02 6.897046079992688039e-01
7.467557303170754279e-01 -1.820348434213685251e-02 6.648492403518383442e-01
7.693321237874378715e-01 2.081668171172168513e-16 6.388490301383498160e-01
7.908468986797387856e-01 1.782854401988184789e-02 6.117543018784341591e-01
8.112618770818194047e-01 3.525132082299339831e-02 5.836193204254956912e-01
8.305386475569431770e-01 5.223900224084920829e-02 5.545057633236686323e-01
8.486373758001206635e-01 6.876235507379480083e-02 5.244867423679931973e-01
4.014011894373765155e-01 -2.916350349181902613e-01 8.682315886481700717e-01
4.336238470065938988e-01 -2.717001857155186828e-01 8.591561955717683663e-01
4.654092156295890348e-01 -2.516543285486627091e-01 8.485660616179345750e-01
4.966849785119843430e-01 -2.315496891414735026e-01 8.364740124947319666e-01
5.273869798273589371e-01 -2.114299493941000918e-01 8.228975331156271888e-01
5.574550504273125817e-01 -1.913362162468471017e-01 8.078578582309031697e-01
5.868320913015875329e-01 -1.713076619298679326e-01 7.913796696799374475e-01
6.154636203602242839e-01 -1.513825006388954120e-01 7.734907048655467188e-01
6.432966794537169353e-01 -1.315977776368471575e-01 7.542223857224502614e-01
6.702821650159198619e-01 -1.119916747370320459e-01 7.336073091587663741e-01
6.963713121340724399e-01 -9.259962172244513845e-02 7.116827282529273324e-01
7.215168490858154815e-01 -7.345345752552520646e-02 6.884896702658813705e-01
7.456733400008287438e-01 -5.458762432325946212e-02 6.640718796054768669e-01
7.687972911554655786e-01 -3.603509151521611109e-02 6.384764657303414470e-01
7.908468986797387856e-01 -1.782854401988184789e-02 6.117543018784341591e-01
8.117816836522812052e-01 2.775557561562891351e-16 5.839610415829702417e-01
8.315623189374459212e-01 1.741903767171257278e-02 5.551582538789897603e-01
8.501473998382064190e-01 3.439817121925398125e-02 5.254199885473596066e-01
4.253254041760195503e-01 -3.090169943749473402e-01 8.506508083520398777e-01
4.575990955299458207e-01 -2.891192233872315054e-01 8.408407354773790310e-01
4.893941454839639826e-01 -2.691019162214504101e-01 8.295043876025999241e-01
5.206371108183758256e-01 -2.490170461362000709e-01 8.166562983117777730e-01
5.512621605934495683e-01 -2.289097444364066314e-01 8.023156231807409000e-01
5.812078325253935418e-01 -2.088219722002409573e-01 7.865054604626312562e-01
6.104153944165613410e-01 -1.887941196941466671e-01 7.692527716090374890e-01
6.388292386797667088e-01 -1.688656330031966246e-01 7.505875044245402528e-01
6.663951946934029147e-01 -1.490752552117284302e-01 7.305436419359896405e-01
6.930635212344531393e-01 -1.294621202513576708e-01 7.091561992636907785e-01
7.187845751661834370e-01 -1.100593011544462457e-01 6.864660841822879389e-01
7.435099629712875746e-01 -9.090257204542513680e-02 6.625176656950065857e-01
7.671938031002205616e-01 -7.202622301318725717e-02 6.373585267987511571e-01
7.897918901086296017e-01 -5.346465236593404835e-02 6.110403434029768599e-01
8.112618770818194047e-01 -3.525132082299339831e-02 5.836193204254956912e-01
8.315623189374459212e-01 -1.741903767171257278e-02 5.551582538789897603e-01
8.506508083520393226e-01 1.942890293094023946e-16 5.257311121191341474e-01
4.487462104008299590e-01 -3.260332061374445201e-01 8.320632110282442095e-01
4.810356978492846269e-01 -3.061677588667821581e-01 8.215022585636291286e-01
5.128036070449414341e-01 -2.861729838504689649e-01 8.094056362021556650e-01
5.439750553199855787e-01 -2.661025682182712182e-01 7.957892700817591480e-01
5.744827672312217137e-01 -2.460022052243235058e-01 7.806743656475005899e-01
6.042637160884387626e-01 -2.259151823363272915e-01 7.640861808781354014e-01
6.332580123733582145e-01 -2.058832212745918544e-01 7.460538780560960204e-01
6.614087152573345785e-01 -1.859477804226823128e-01 7.266098914393606112e-01
6.886608263040836508e-01 -1.661479627692943606e-01 7.057911311300173463e-01
7.149640429885142368e-01 -1.465203152381729934e-01 6.836360248377959525e-01
7.402676497562158398e-01 -1.271025405506670536e-01 6.601884207633261781e-01
7.645226513744535213e-01 -1.079301473770538367e-01 6.354968125982559668e-01
7.876823946589955883e-01 -8.903882180144634395e-02 6.096134294423644073e-01
8.097021396731181042e-01 -7.046357339371121797e-02 5.825953396941683238e-01
8.305386475569431770e-01 -5.223900224084920829e-02 5.545057633236686323e-01
8.501473998382064190e-01 -3.439817121925398125e-02 5.254199885473596066e-01
4.716403190663557288e-01 -3.426667497237250726e-01 8.124868663952443670e-01
5.039090981170953887e-01 -3.228268022545974225e-01 8.011607058392755665e-01
5.356115335977643666e-01 -3.028484397613981915e-01 7.882912581090428805e-01
5.666713605176733060e-01 -2.827857774963773441e-01 7.738964874030750396e-01
5.970199114007286312e-01 -2.626862611124577973e-01 7.579994416975668337e-01
6.265927424121922051e-01 -2.425943555262771167e-01 7.406277835884623739e-01
6.553287145954969084e-01 -2.225539379923980876e-01 7.218130093803307723e-01
6.831699353173790179e-01 -2.026067558006861835e-01 7.015905800268198433e-01
7.100608551923065503e-01 -1.827887102000472219e-01 6.800013745184441127e-01
7.359501192422337468e-01 -1.631415705081437628e-01 6.570861815313712162e-01
7.607863935165044555e-01 -1.437029471935171721e-01 6.328929817971178373e-01
7.845199184507696266e-01 -1.245095354933430931e-01 6.074749979424907131e-01
8.071034786072115441e-01 -1.055979957011419085e-01 5.808898674654603411e-01
8.284913693533062506e-01 -8.700397836491884085e-02 5.532019149060853902e-01
8.486373758001206635e-01 -6.876235507379480083e-02 5.244867423679931973e-01
4.939835667818395226e-01 -3.589000694027826843e-01 7.919412705069542868e-01
5.261938061108163422e-01 -3.390785555699978304e-01 7.798370416716404740e-01
5.577912294429212547e-01 -3.191089268048769578e-01 7.661843362990357065e-01
5.886982641337015210e-01 -2.990471262496923188e-01 7.510027763515703114e-01
6.188447548063453763e-01 -2.789417808091747553e-01 7.343178142791308982e-01
6.481650260255870100e-01 -2.588397488405875246e-01 7.161592584456277777e-01
6.765967782477689818e-01 -2.387850731946531690e-01 6.965619057084323495e-01
7.040817700560662029e-01 -2.188160577640463067e-01 6.755652403279182039e-01
7.305631842311487434e-01 -1.989739826749329366e-01 6.532126667973607859e-01
7.559891636561127948e-01 -1.793005353016638992e-01 6.295488086519325233e-01
7.803075077656056457e-01 -1.598348619921735603e-01 6.046263393341144710e-01
8.034678662970833329e-01 -1.406144019929988498e-01 5.785040862259861472e-01
8.254220603386270838e-01 -1.216765032926932361e-01 5.512469962301822513e-01
8.461214865210261449e-01 -1.030568949889250074e-01 5.229318372815811022e-01
5.157526715712139609e-01 -3.747162498288683641e-01 7.704459188556613825e-01
5.478653241092110715e-01 -3.549044524223740060e-01 7.575529131945065719e-01
5.793169654745957686e-01 -3.349356982153707252e-01 7.431082906106534214e-01
6.100287906558128359e-01 -3.148671297472094288e-01 7.271338014256802929e-01
6.399291523418604299e-01 -2.947498838128448373e-01 7.096570904143368885e-01
6.689513090029662878e-01 -2.746310034803068900e-01 6.907111973253490245e-01
6.970326303747429453e-01 -2.545509237263985924e-01 6.703352440554681824e-01
7.241134260500876607e-01 -2.345533795107636321e-01 6.485710896841483386e-01
7.501364593526608227e-01 -2.146795883725548804e-01 6.254661994752745979e-01
7.750489004529895753e-01 -1.949730020034463329e-01 6.010696551951163480e-01
7.987979899955268692e-01 -1.754733998107266546e-01 5.754397076479604856e-01
8.213323141572583808e-01 -1.562190541468486682e-01 5.486427224000571812e-01
8.426009691118272471e-01 -1.372470614594625826e-01 5.207560378647105859e-01
5.369235767823772321e-01 -3.900978128211486373e-01 7.480219041761908549e-01
5.688985462135836002e-01 -3.702869990838703051e-01 7.343309760765454053e-01
6.001626100350743176e-01 -3.503105496539935526e-01 7.190878668959754805e-01
6.306356599473994518e-01 -3.302281219713484872e-01 7.023162050401395851e-01
6.602449515534585256e-01 -3.100912110319680171e-01 6.840468147640909047e-01
6.889232881465989777e-01 -2.899432043643426771e-01 6.643174251005427022e-01
7.166066802494002186e-01 -2.698300426822098363e-01 6.431691953817835206e-01
7.432348505050339060e-01 -2.497955200487809169e-01 6.206481734109259296e-01
7.687497775314038329e-01 -2.298823418286361497e-01 5.968064078583593668e-01
7.930978485116102483e-01 -2.101348937499338820e-01 5.716984599550352097e-01
8.162251603295636038e-01 -1.905936956210396716e-01 5.453902555367959870e-01
8.380777882286072344e-01 -1.712964707175435863e-01 5.179605583416166947e-01
5.574732157022728174e-01 -4.050279994316067778e-01 7.246902327553459422e-01
5.892690770214351614e-01 -3.852086050402526718e-01 7.101945405797260857e-01
6.203025591466501121e-01 -3.652162442122869335e-01 6.941482767244959717e-01
6.504923320553348542e-01 -3.451113031657214170e-01 6.765780918448875969e-01
6.797652067842093748e-01 -3.249415678340663027e-01 6.575197648277651963e-01
7.080526189669551496e-01 -3.047559182994262761e-01 6.370128091612514698e-01
7.352899822428872190e-01 -2.846004571053884491e-01 6.151026108127474190e-01
7.614161369454910400e-01 -2.645204415448538238e-01 5.918398452317319425e-01
7.863724712818930263e-01 -2.445593904239192762e-01 5.672821528705876970e-01
8.101040729410949881e-01 -2.247625888327293431e-01 5.414916155079948501e-01
8.325543931979181300e-01 -2.051698253272291050e-01 5.145469124793585758e-01
5.773782521259871459e-01 -4.194898549149310707e-01 7.004731369548657938e-01
6.089523520639146259e-01 -3.996526979250825673e-01 6.851676830944583019e-01
6.397111759078323301e-01 -3.796350043750935099e-01 6.683164481529246803e-01
6.695727841134261338e-01 -3.594935678219049469e-01 6.499512762271276722e-01
6.984625965192171604e-01 -3.392815221702914497e-01 6.301095539487107100e-01
7.263113622450710904e-01 -3.190482095180005584e-01 6.088349900236245116e-01
7.530537251465281301e-01 -2.988411138834485281e-01 5.861775121034893399e-01
7.786277560261827269e-01 -2.787062010740479212e-01 5.621936241443009630e-01
8.029737722088564622e-01 -2.586878848457861424e-01 5.369485071947700527e-01
8.260339715710355302e-01 -2.388308999063336602e-01 5.105170702929652249e-01
5.966161428143430534e-01 -4.334670006491398997e-01 6.753928763923808809e-01
6.279245617668847146e-01 -4.136018540456531389e-01 6.592755501759972603e-01
6.583640470739671180e-01 -3.935441819936916774e-01 6.416227539133121383e-01
6.878509807645776242e-01 -3.733560197387387203e-01 6.224679194834499274e-01
7.163101323855071145e-01 -3.530911378974808668e-01 6.018525089921278326e-01
7.436714357596396763e-01 -3.328000852522167707e-01 5.798248864021903204e-01
7.698688057212327296e-01 -3.125312327614795382e-01 5.564406981215086478e-01
7.948392067015441764e-01 -2.923312659537083413e-01 5.317641078861585768e-01
8.185201689624617138e-01 -2.722442885169179538e-01 5.058732848961091655e-01
6.151638339556846358e-01 -4.469426870596328039e-01 6.494733958191498679e-01
6.461620669966980923e-01 -4.270343865224978663e-01 6.325474020987742474e-01
6.762357948532687901e-01 -4.069258335361517487e-01 6.140981320278344757e-01
7.053005499209014095e-01 -3.866797342695047490e-01 5.941632077018395020e-01
7.332803138187822256e-01 -3.663512458741452482e-01 5.727885700782530121e-01
7.601043191513476849e-01 -3.459917838725463657e-01 5.500282806366950661e-01
7.857053768133654970e-01 -3.256502374420609525e-01 5.259457992041541852e-01
8.100175681233228175e-01 -3.053731624461921701e-01 5.006183885847478310e-01
6.329952281844121176e-01 -4.598979533004327602e-01 6.227446616759046982e-01
6.636379584996434655e-01 -4.399343412630009054e-01 6.050144092630480586e-01
6.932994951764692715e-01 -4.197625109428071988e-01 5.857774700302519344e-01
7.218944872240964372e-01 -3.994464716456703757e-01 5.650759821522088888e-01
7.493461123513663891e-01 -3.790422600144087162e-01 5.429616644175377926e-01
7.755824377527685831e-01 -3.586019163101916707e-01 5.194964368194754378e-01
8.005334267049397656e-01 -3.381743270098644394e-01 4.947568668340763809e-01
6.500870419005733147e-01 -4.723158828459690373e-01 5.952348652123753414e-01
6.803280684793152622e-01 -4.522837783652203791e-01 5.767088546804918225e-01
7.095300903615520127e-01 -4.320358204150301362e-01 5.566974948298577530e-01
7.376067800116339335e-01 -4.116369113386376122e-01 5.352488125203599401e-01
7.644801279170302388e-01 -3.911437283644855212e-01 5.124224017166804090e-01
7.900752732297530168e-01 -3.706084793650674669e-01 4.882933725268480130e-01
6.664154769402128586e-01 -4.841791853180401617e-01 5.669752451380106750e-01
6.962077643510481417e-01 -4.640649524382893798e-01 5.476663845588509716e-01
7.249020977596493109e-01 -4.437270584246014171e-01 5.268996548542332903e-01
7.524107286612310430e-01 -4.232311086669739986e-01 5.047311403628659265e-01
7.786525569387857670e-01 -4.026341734799370187e-01 4.812337456151831727e-01
6.819566881111179812e-01 -4.954705361704146438e-01 5.380000216798480617e-01
7.112523008874245267e-01 -4.752594942808360812e-01 5.179271933180071841e-01
7.393893772109145779e-01 -4.548167117180878516e-01 4.964323796949606793e-01
7.662768585228750817e-01 -4.342083463976137980e-01 4.735851433596321991e-01
6.966861586124318828e-01 -5.061721229046195480e-01 5.083484812528547003e-01
7.254359594215389340e-01 -4.858485092966210450e-01 4.875386085146513615e-01
7.529630533447552176e-01 -4.652845655375058009e-01 4.653567592399596720e-01
7.105786264774639482e-01 -5.162655916275132872e-01 4.780667887386594317e-01
7.387305821548523221e-01 -4.958119985813686514e-01 4.565606083006958915e-01
7.236067977499788251e-01 -5.257311121191330372e-01 4.472135954999586493e-01
